0 3.1735625510793013 -1.2656543082278409 0.8513777256011963 0.37158108 0.7995058 0.38443637 -3.1187494724649394 "pillow"
1 3.3006907901895977 -0.05065592204595348 0.6567153334617615 0.21593738 0.1327852 0.015087485 -0.4889006759485722 "book"
2 1.9607098500496574 -1.7183710841439177 0.37867453694343567 2.3865752 3.4368281 0.76975447 -3.0452580580530637 "blanket"
3 -4.811194706307609 -4.806199529523962 1.1081966161727905 0.001698494 0.10372257 0.27578592 3.1407174231455475 "sign"
4 -1.3989999451821196 4.4433522645187224 1.2492772340774536 0.42114365 0.39671516 2.0022905 0.0039830247754665754 "unknown"
5 1.9120216859998351 2.1232983273229022 0.6870875358581543 0.16312814 0.15829015 0.21881163 2.8890585911478293 "paper holder"
6 -1.911179202541904 -3.073410825806068 1.6922438144683838 0.015808105 0.38979053 0.45477605 -3.140465027396419 "picture"
7 1.2290057005087538 3.309028296517567 3.168832302093506 0.40786505 0.41041327 0.10057998 2.495292971957629 "ceiling lamp"
8 3.221459389546971 -5.866150799726846 1.609066128730774 1.0971708 0.07199764 3.221092 -0.01721113971096044 "curtains"
9 0.90500027653717 1.971999687267953 1.643498182296753 6.3200054 0.16271138 3.2900004 2.3360811606223773e-05 "wall"
10 -1.8891795628946741 -1.7079990483635066 1.5079950094223022 0.059595942 0.84872675 0.63789725 3.141510523278921 "tv"
11 2.4527409816868113 -1.753993613555926 0.8695856928825378 2.5895834 2.5438397 1.7333139 -0.003843356791433741 "bed"
12 3.330672118857933 4.327344844830271 1.9814753532409668 0.25064492 0.6319585 1.5546651 3.141202557164277 "shower tap"
13 0.8112503795704212 1.886833865523711 1.1332927942276 0.096000075 0.020543098 0.09581351 0.004365145628734489 "light switch"
14 0.9200586046572092 1.8878070032912155 1.1333611011505127 0.094735146 0.018455863 0.09453797 -0.0027268648268645233 "light switch"
15 -0.8552196802557687 -2.0350604500193565 0.5794864296913147 0.71983945 0.5547019 1.1619772 0.008148786445541819 "chair"
16 3.4198628909763684 3.671082614944827 1.3593822717666626 1.720437 2.4213667 2.7169921 -2.7216024471645643 "shower"
17 1.61595798260527 1.394806781035122 0.5716682076454163 0.48564506 0.5183603 0.08892465 -2.434677320568594 "towel"
18 -1.8936611898656948 3.079283105074642 1.5679688453674316 0.35665536 0.89849234 1.279973 3.1399925564846547 "towel rack"
19 -1.9112127510364743 -3.395040598075561 2.274230480194092 0.0155195 0.38983822 0.4548223 -3.1413672354045366 "picture"
20 -1.5359811818925115 -2.1259531100268787 2.868946075439453 0.147596 0.26521826 0.449219 3.138243511950245 "vase"
21 -1.4227940383395288 -2.2712110001878014 2.808903694152832 0.094901204 0.1325016 0.32928205 3.025988764523604 "vase"
22 -0.14185298460724402 4.646055842515286 1.7494360208511353 1.651648 0.023133278 0.7988727 0.00046643224045024876 "mirror"
23 -1.5963999727040223 -1.8727211332245817 0.9551862478256226 0.34387088 0.32132065 0.054766834 0.0075590541971752735 "magazine"
24 1.2593427456948223 4.581730043863747 0.7322717308998108 0.32668883 0.16628456 0.48018324 -0.08322095739518101 "towel"
25 1.2769310485298695 4.6122137199643625 1.0586305856704712 0.35881984 0.069636345 0.22299284 -0.007300715040481784 "towel rack"
26 -0.35630179635323295 0.24406912111552756 3.0822415351867676 0.2682374 0.26794583 0.04488921 2.5022557876389433 "focus light"
27 -0.14641555909637413 1.9679196665709582 1.2769639492034912 1.2586845 0.19334972 2.551705 0.0011184181459918039 "door frame"
28 0.9239181184483075 3.429279156240079 1.6462719440460205 6.3471947 2.8306851 3.2907872 -0.01152185538569323 "bathroom walls"
29 3.174076359937357 -2.2133079687477997 0.8507274389266968 0.3741243 0.7994307 0.38482875 -3.1088075523157035 "pillow"
30 0.9190981594987705 2.058652953522926 1.1333787441253662 0.09594399 0.020580053 0.09587705 0.005110701876291892 "light switch"
31 0.8103335008531355 2.057620280660141 1.1334232091903687 0.09466255 0.018844128 0.094595194 0.008996202006922605 "light switch"
32 -1.64761187886795 -3.8661152157236502 0.20481644570827484 0.39056766 0.39373565 0.41257903 -0.46527781115607186 "trash bin"
33 -1.681941511774255 -3.859446812655761 0.0405525267124176 0.15885985 0.18852425 0.08089867 2.49218933947252 "paper"
34 -1.3535224418094574 -3.964292859111686 0.0405215285718441 0.1886499 0.15878344 0.081265055 -0.7305345182814541 "paper"
35 -1.5840879072994147 -3.8380796131301977 0.11826379597187042 0.15683508 0.18470883 0.08068796 -2.4333708144374167 "paper"
36 1.7683515681155264 -4.9203593996114385 0.45035862922668457 0.80150795 0.89416313 0.903721 2.4555940663277345 "chair"
37 -3.355000124646739 -4.489981352573261 1.5460000038146973 1.2646039 0.03596258 0.8510599 -1.5103157693363186e-06 "painting"
38 -1.6076317294014644 -1.5841318261355488 1.3221306800842285 0.79224074 3.977816 2.6473603 3.0920820468746038 "desk cabinet"
39 1.3533575171106182 2.4471538229993675 0.5480965375900269 0.51730514 0.78548956 1.0944321 -3.1337592266327765 "toilet"
40 -0.3559712723730166 -4.024023174597657 3.0822415351867676 0.26962578 0.2709465 0.04488921 -0.6041760480807628 "focus light"
41 2.100955963647141 -4.02496386656243 3.0825586318969727 0.2682686 0.26691544 0.04488921 2.431148433048164 "focus light"
42 -4.8924998503051835 -4.406000391237517 1.6568999290466309 0.18134785 0.495409 3.2872005 -3.1402127993366302 "wall"
43 0.9259999297111663 3.3950001261562806 -0.04999971389770508 6.2920485 2.7719083 0.10175641 0.00018984725237915692 "floor"
44 2.1003876225992784 0.24405513984674343 3.0825586318969727 0.2671498 0.2679268 0.04488921 2.411135379104788 "focus light"
45 -1.4445543318947356 -5.866211508639756 1.6090806722640991 1.0971715 0.07224512 3.2211726 -0.01758171486631048 "curtains"
46 -3.4771997823253376 -5.158999902976211 3.2760000228881836 2.7155187 1.9666252 0.09519005 -0.0005276230652484162 "ceiling"
47 0.9439994317454399 -2.0509997038426904 3.235499858856201 4.9628906 7.235834 0.2616272 3.1410261864301763 "ceiling"
48 0.31895130142198425 4.314648270921812 0.7814220190048218 0.9424157 0.57218695 0.8152938 -0.0012009075632481636 "sink"
49 -2.0261995072836214 -4.399998199472749 1.6568999290466309 0.5816369 0.55554247 3.2872005 -0.06836735256566523 "wall"
50 3.5001207537417 -1.2548359332623373 0.9556732177734375 0.3178451 0.7744158 0.6392973 -3.129017794180436 "pillow"
51 0.9259999698805796 3.3949997923854784 3.2699999809265137 6.293212 2.7745547 0.10175657 0.000610607709506501 "ceiling"
52 -4.434000213566605 -6.053999647881715 1.6568999290466309 5.0263634 0.13316584 3.2872005 -3.4983675050028143e-06 "wall"
53 -3.613899716849469 -4.405999901999722 1.6568999290466309 2.6410997 0.13321924 3.2872005 2.737905196452447e-05 "wall"
54 -2.0261998829808383 -1.3523002473882864 1.6568999290466309 0.21467221 6.4633894 3.2872005 3.1415670414131847 "wall"
55 -1.8135000140445776 -6.038998959615166 1.6568999290466309 0.3066634 0.21498156 3.2872005 0.0015485869050088884 "wall"
56 0.5540003196466116 -6.038999178117635 3.1154000759124756 4.517709 0.2146101 0.2758789 2.3066322678916602e-05 "wall"
57 -4.434000084401192 1.9350000782832935 1.6568999290466309 5.026365 0.13321829 3.2872005 -1.4010857738860042e-05 "wall"
58 0.3286003575482312 -6.047000248901878 1.618900179862976 4.9287825 0.1328373 2.8421438 -9.230831320722151e-05 "window"
59 3.33000038391607 -6.038999294500774 1.6568999290466309 1.0385623 0.21509981 3.2872005 -0.0005709708021059546 "wall"
60 -4.8569744613695605 -5.2295022222519245 1.2296090126037598 0.1231246 0.989769 2.4079309 -3.1412670573017287 "door"
61 -4.880894272045619 -5.230405909089336 1.2769510746002197 0.1932106 1.2564907 2.5507212 -3.1402122512538164 "door frame"
62 -1.4944000555430843 -2.0509998123675204 -0.05238008499145508 11.024378 8.151615 0.10175641 -0.0009160693248294341 "floor"
63 -0.23212102853795535 4.493271731230297 1.0842597484588623 0.14075267 0.14186287 0.06143856 -3.1315225317737183 "soap"
64 -1.9429683867749241 3.211297266424729 1.3046706914901733 0.21442437 0.36342835 0.8870375 3.041377434543539 "towel"
65 -1.5113305524397216 -1.0401554574535616 0.9831429719924927 0.448089 0.26096892 0.11067891 -0.09637127236280142 "phone"
66 -1.5015412938276063 -2.296614110600346 0.9768558144569397 0.14741457 0.16007471 0.04305637 3.1088910550204676 "eye glasses"
67 -0.6240390015252673 4.314930809670585 0.7812451124191284 0.942981 0.57271624 0.81496215 -0.0024637465263237387 "sink"
68 -0.13515639986050168 4.542659966124556 2.5144877433776855 1.3118763 0.2378273 0.10538983 0.0014633127155344082 "wall lamp"
69 1.675767033366323 4.409759720261175 0.2101159244775772 0.33993018 0.26010036 0.41847518 -0.19072677680880012 "trash can"
70 -6.853998865632363 -2.0549993519891046 1.6568999290466309 0.21459818 8.084482 3.2872005 -3.141581383092341 "wall"
71 0.6019995807100792 -6.0399992997830205 0.07676982879638672 4.541214 0.21565199 0.2122939 -0.0002520499498584221 "wall"
72 3.5415238604612873 0.18050120804022485 0.3238348364830017 0.89896536 0.84648216 0.6506734 0.06527220175033976 "bedside table"
73 3.858999763665887 -1.7110000517369706 0.9010000824928284 0.05214119 5.22374 1.7278472 3.141562574309907 "unknown"
74 3.5463094697357294 -3.7190300306813815 0.8729966878890991 0.47038603 0.4725318 0.4476505 2.929694680801923 "lamp"
75 -4.890100214271591 -5.235999910829041 2.8940000534057617 0.18092346 1.1692872 0.72497296 3.141371247309157 "wall"
76 3.9600005424212696 -2.0749997609113504 1.6568999290466309 0.21477032 8.08268 3.2872005 3.1415600340457326 "wall"
77 -1.403999741752062 -2.0509997324950366 3.282599925994873 10.995768 8.15252 0.10175657 0.0010008953079416352 "ceiling"
78 -4.890099751989616 -5.94599976399098 1.6568999290466309 0.18183279 0.26615334 3.2872005 3.1371850741998735 "wall"
79 0.6830164972726829 4.502503444312848 1.1388237476348877 0.09112471 0.09113932 0.17204809 0.020914203443028693 "soap"
80 3.546258804322106 0.19089211666186334 0.8729957342147827 0.49884295 0.5004755 0.44764858 2.8248272468249933 "lamp"
81 2.0289952488757947 1.469345456919027 0.3100315034389496 1.7898275 0.7489116 0.43394938 -0.0006033443261242877 "bench"
82 -1.6008498662777453 1.534448294082876 0.8880835771560669 0.313218 0.31471717 1.7788718 -3.114369787648495 "lamp"
83 3.499595664294202 -2.2492121859262193 0.9559401273727417 0.31765652 0.77553 0.639797 -3.125887555003627 "pillow"
84 -1.4161992872005082 -3.0438522431305546 0.6408122777938843 0.5078749 0.82668376 0.26482773 2.8174240043300083 "suitcase"
85 3.5312727713196503 -3.701045389057674 0.3238348364830017 0.874938 0.7995877 0.6506734 -0.0059954512367466715 "bedside table"
