0 0.1395487346633154 4.485747120408789 1.0835418701171875 1.354905 0.049281597 2.2169747 -0.0002279109718630512 "wardrobe door"
1 1.4961203954623796 4.544825632119118 1.083541989326477 1.3549025 0.049211502 2.216975 0.00017625492000043611 "wardrobe door"
2 2.387157523676838 1.26096088227473 0.9387161135673523 0.04644656 0.9756095 1.8866719 -3.1415518776172227 "door"
3 2.436098135177531 2.238495202589953 0.9387161731719971 0.046664238 0.97561944 1.886672 -3.141328597553256 "door"
4 -0.9630382645751183 2.1255731929568022 0.4704592227935791 0.1322434 0.19050276 0.35965028 2.9106783899366735 "flowers"
5 2.4016403280786425 1.7457564124031926 1.3230931758880615 0.10211754 5.2428503 2.678699 -3.141552041158922 "wall"
6 -2.3382798007643744 4.870946561674911 0.6656253337860107 0.6251993 0.61070347 1.0126934 -0.17737903344576594 "flowers"
7 -1.4215432758569968 -0.9706672137230207 1.1507601737976074 0.50125015 0.021387935 0.9836359 0.00023002868287137854 "painting"
8 -1.2685433411889286 5.360493625548758 1.3900834321975708 0.50893116 0.038535118 0.69926405 -0.00022277283637598771 "calligraphy painting"
9 -1.8735432107134395 5.3644932850983045 1.3850833177566528 0.508924 0.038437843 0.69926405 -3.2276046101903295e-05 "calligraphy painting"
10 -2.483543459906537 5.358493709735065 1.3840833902359009 0.508924 0.038437843 0.69926405 3.133518110982866e-05 "calligraphy painting"
11 -0.38581812850315655 2.103494394646997 2.7690834999084473 5.7110386 6.5940576 0.23460174 -3.1379374460399894 "ceiling"
12 -0.6652112441081739 2.2302841163551057 -0.08455607295036316 10.674772 8.578143 2.0834982 0.0009924442584340637 "unknown"
13 -0.3990725101986747 -0.7448924575927657 1.3290833234786987 5.37142 0.7732133 2.6786978 -0.03704000880678692 "wall"
14 -0.3584998456857367 2.22106910823311 -0.030916571617126465 5.410903 6.3879733 0.044424362 -3.141538140569261 "floor"
15 -0.3097438183619836 4.939828045990146 1.3291953802108765 5.557617 1.132946 2.678922 -0.0026610866688899977 "wall"
16 -1.864543016529672 4.921522328962374 0.06708348542451859 2.2562823 0.8948226 0.17964537 0.0003883103818125236 "display ledge"
17 -3.0338592465702012 0.909076824869808 0.9803001284599304 0.04662919 0.9756181 1.8866719 3.141364914461488 "door"
18 -3.0338589904407787 3.2870767580241527 0.9803001284599304 0.04642105 0.9756086 1.8866719 -3.1415784447141393 "door"
19 -3.085602302898143 0.6863433363237174 0.9803001880645752 0.04648733 0.9756113 1.886672 -3.141510659885024 "door"
20 -3.0856016660776895 3.6612187106547003 0.9803001284599304 0.0464077 0.9756081 1.8866719 -3.141592366382195 "door"
21 -3.0603415273985326 2.176416931743734 1.3303557634353638 0.18204737 3.9524553 2.6525977 -3.1415753772704544 "entrance door"
22 -3.0505372656100245 4.2784973937714215 1.3290833234786987 0.33860052 0.3386116 2.6865933 0.49370979815586463 "column"
23 -2.291453472393991 5.087565170630486 0.2108733057975769 0.20764232 0.17919016 0.11816011 0.07786296476622105 "zen stone decoration"
24 1.9074767538451303 -0.509503794156672 0.43481042981147766 0.4167831 0.44251588 0.8858871 3.039093724670218 "potted plant"
25 -2.51198699123746 -0.32860321278990035 0.9677767157554626 0.9527782 0.8622942 1.9512116 0.5329361797268558 "potted plant"
26 -0.6725423865342005 2.09656007586411 0.1623813360929489 1.2762182 0.63183296 0.25793722 0.0022835767999630752 "table"
27 -0.7918471293623531 2.162434075698703 -0.003914990462362766 4.111944 4.111774 0.04566013 -0.2410249986749257 "tatami"
28 -0.9445403208676981 5.134490485448154 0.464079350233078 0.3463068 0.3472929 0.6093673 -2.4628921322409854 "vase"
29 -0.36517257567089734 1.867190631133909 0.3078864812850952 0.056577325 0.025116444 0.024068892 0.007575310869015078 "sushi"
30 -0.31659774150630404 1.8895990164686693 0.31432175636291504 0.053117037 0.05314672 0.031127661 0.5949234605690928 "sushi"
31 -0.36565898217747156 1.9236414801727462 0.3110869526863098 0.052781492 0.05325067 0.027577788 0.18356204542457122 "sushi"
32 -0.6369435471906074 2.1241969218693484 0.3412485122680664 0.12820226 0.18421888 0.09405851 3.0645516200280385 "teapot"
33 -0.34168406180013 1.8989137780693859 0.3030366897583008 0.16331351 0.16422355 0.017138422 0.601477552458316 "dish"
34 -0.26623308848015625 2.324708355076618 0.3183804750442505 0.07499063 0.07539368 0.04355651 2.8896981520867615 "glass"
35 -0.3431343587094816 2.28874993124992 0.31718218326568604 0.07486606 0.07435024 0.043560117 0.722834910866594 "glass"
36 -1.4535261757568936 2.018515899654634 2.6820836067199707 0.7171025 0.7170466 0.20952606 3.106781399206046 "ceiling lamp"
37 -0.37658125651992136 2.2593873314706947 0.29553067684173584 0.4022342 0.26387858 0.004327297 -0.008564703396162632 "placemat"
38 -0.43951580675611757 2.2593857878491286 0.3783576190471649 0.069946855 0.069349766 0.1534121 0.25268133276633714 "sake bottle"
39 -1.0965424991888248 2.2734868784600364 0.3320821225643158 0.08035827 0.08047044 0.07964218 -0.7516299287604692 "glass"
40 -0.32884224522233174 2.793958025465479 0.057968322187662125 0.55635035 0.56019855 0.063335754 2.7615110005453167 "pillow"
41 -0.1842714486838275 2.286486050892581 0.3011839985847473 0.054169416 0.2618537 0.0054876804 2.4252579318017475 "chopsticks"
42 -0.6636388700467386 1.9628546824757982 0.31097960472106934 0.082693875 0.083132505 0.029769182 0.03567108390241778 "sauce bowl"
43 -1.0154684622466457 2.7400241201092728 0.05804206430912018 0.54947925 0.55063915 0.06348355 -2.8937422669670645 "pillow"
44 -0.9799741706566614 1.4909634222152348 0.05802140384912491 0.61483264 0.6116971 0.06344193 0.7354740850228944 "pillow"
45 -0.37992972754411414 1.9344243328373307 0.29550325870513916 0.40111333 0.26152492 0.004272461 -0.0029468928541931073 "placemat"
46 -0.37031350268254876 1.4750540174251199 0.057891979813575745 0.5618273 0.5585613 0.06318441 0.30380744499697393 "pillow"
47 -3.050537001250941 0.07848833096779173 1.3290833234786987 0.33729744 0.33730996 2.6865933 -0.48117277876303954 "column"
48 -0.4365480702514301 -0.9925039685279888 1.3290833234786987 0.32582515 0.3258354 2.6865933 -0.38679716693294325 "column"
49 2.3634583379964687 -0.9925032593513767 1.3290833234786987 0.29939032 0.29938138 2.6865933 2.9170345005171625 "column"
50 2.36345769197457 4.4734930353826705 1.3290833234786987 0.30233788 0.3023367 2.6865933 0.24044351973360198 "column"
51 -0.45834122485555595 1.9264488418539913 0.30117523670196533 0.05509375 0.25910425 0.0054308474 -3.0466183988025297 "chopsticks"
52 0.7494710595561813 2.018565493749 2.6820836067199707 0.7293701 0.72921646 0.20952606 3.088249771243595 "ceiling lamp"
53 1.85621354177223 3.0981706354615444 0.5086328387260437 0.627635 0.6772897 1.0208753 2.432216780394866 "flowers"
54 -0.8230304500212011 1.9039811822928745 0.3320896625518799 0.08044863 0.08011627 0.07962844 -2.525619385450077 "glass"
55 2.0050543430761363 0.13499661981659672 0.5381432771682739 0.18774903 0.19592679 0.6722868 -0.5259785473259638 "vase"
56 -1.3879867303031346 5.101989518548983 0.3441537618637085 0.16626728 0.16627455 0.37443757 -0.02612496613007093 "lantern"
57 -1.8519967624937603 5.088997842863803 0.3441537916660309 0.16292119 0.16291618 0.37443763 3.1368454336179825 "lantern"
58 1.9879945154389254 0.15201320871253687 0.11772360652685165 0.5448259 0.54486287 0.2245528 2.4010953375070274 "table"
59 1.9930004934334913 3.8949954120617156 0.11774788796901703 0.5376706 0.5374861 0.2243042 -2.567415166305773 "table"
60 1.9975431328126059 3.893026900213149 0.40876150131225586 0.29524696 0.29522038 0.44152308 -0.49876153363314135 "jar"
61 1.3970344201737206 -0.5210253799049105 0.25000450015068054 0.21364284 0.21356827 0.49999115 -3.070240281487435 "lantern"
62 0.95449690063509 -0.9754638290532915 1.1990180015563965 0.6423447 0.0103389025 0.7766675 0.00010195736068594735 "fan decoration"
